0010100011111000'0101011 11011100 00001111000 1110110111100000001001110101 1110110111001001.

11111001 1001110100001011 101011111111000 1011001 000011111111000 0100111100011000110111100 00101001111001 11111100 01100000110111100001 00001100001001001 101001011 10011111001.
1011'000000011 1010001101001 1111 11101101100100111101011 1110110111001001, 1011'000000011 1010001101001 1111 1110110111100000001001110101 1110110111001001.
110100010 1010111110011111 100100101011000010001001100000101011 0011101000111011100011001 00101001111001 100101001101100001110110101 101001011 1010001101001 1010111011110011100 000111111001,
1111110010101 00101001111001 11000110000000110101 100101001101100001110110101 101001011 0000110111001100101110101, 00101001111001 11000110000000110101 100101001101100001110110101 101001011 0000110111001100101110101.

00101000110101011'1001 10001110111001010110110011011110111001001 000110101011- 1111110010101 0001111011001001- 00101001111001 10011111111000 11100101001111001 00010100001100100010011011110111001001 101011101.
11100110110010100 111110100110010010101111110001001 00010101101111101101011001 0010100011111000 111001110101010000010 0000011101100001001001 000101011110010101 0001011010101 111110101001'1001 00111011101.
00101000110101011'1001 0001111011011110000101101011001, 111011011110000000101001, 1111110010101 11001101001010001011101111001, 1111110010101 1001001100000001000010 100000001111011100 0010100011 0100011111100011.
00101000110101011'1001 10001111011111100110010111001 0001011010101 0010100011 1111101010011001 1111110010101 1000111010001110110111001 00101001111001 11110101011 1010101101100011.
10111001 1011001 1010010111001001 0011101 100001001011 11111100 1111010101011111111000 11010101 1010010111001001 0011101 100001001011 1111 1110110111001001.
11101011001 110011011100011 110100010 '01100001 101001011 0000110111001100101110101, 11101011001 110011011100011 110100010 '01100001 101001011 0000110111001100101110101! 

10001010011010101100001001 
0100011'1001 1010001101001 '01100001 11011100 0010100011 1110110111001001, 11011100 1111 1110110111100000001001110101 1110110111001001;
1111110010101 11101011001 110011011100011 110100010 '01100001 101001011 0000110111001100101110101, 11101011001 110011011100011 110100010 '01100001 101001011 0000110111001100101110101! 

00101000110101011'1001 10010110011001, 11101101110010011001, 1111110010101 01010111110111110011011110111001001, 1111110010101 00010100001100100010011011110111001001 1111110010101 00101000110101011'1001 000111111101101011001.
11001101 11001101001 0010100011 11101101111000000010-01110101 1110110111001001, 0010100011 111110101001 110100010 11101101110010011001.
0010100011 10101101110010011011110010001001101111011100'1001 1110011101010100101001110010100101111101011 00000101100110111100110111100101000, 1011'00001 11001101001 0000011101100001001001 10010001111101101100100110111100101000 01001111101101011001.
11101011001 0010100011 10101101100010000100110101011110010001011 11001101001 101001011 0000110111001100101110101, 1011001 11000110000000110101 100101001101100001110110101 101001011 0000110111001100101110101.

10101011100110111010001100 1110001101100000101 1111111011010001101010110110010100000011001 11111001 11111010011001001010111111000100111101111000 11111001 1000111111100 101001011.
00101000111100 1011000010001111101011000010111100001 0010100011 111110101001'1001 10011101 00101001111001 1011001'1001 11111110111101 10111100 10001.
00101000110101011'1001 1001100001010010101110110000001101111000111001 00101001111001 1000111111110111101 0010100011000011001011111010000000111001, 0101011100011000001011001101111011100 10111001 0010100011 1100111100001011;
1011001'1001 10100001010111111001 0011101 1001110111101000000011 100110000101001000110101110110100111101011000011001 00101001111001 11101110111010000010 1111101001110110000001 0010100011 1001111100001011.
0010100011111000'1110111101 111011101110100011 11111110111011100101000 00010110101010110000000110101, 101100010 0010100011 1001001110100011 1000111011100101011011001101111011100'1001 0000110111001100101110101.
1011 1010111011100'001 0010100101111000000010 1011001 100101001101100001110110101 101001011 0000110111001100101110101, 1011'00001 1001100000101011 1011001 11001101001 101001011 0000110111001100101110101. 

10001010011010101100001001 
0100011'1001 1010001101001 1011001 11011100 010010111001 1110110111001001, 11011100 010010111001 1110110111100000001001110101 1110110111001001;
1111110010101 0100011 1010111011100'001 0010100101111000000010 1011001 100101001101100001110110101 101001011 0000110111001100101110101, 0100011'1001 1001100000101011 1011001 11001101001 101001011 0000110111001100101110101. 
  
00101000110101011'1001 11010101101010110101 110100010 100011101000010001111101011000001101011001111000, 0001011010101 000111000000100110111100101000 00010100001100100010011011110111001001 11100110110010100 001010001110110101 000001010110010100,
11011100 001010010111001 1011 00001100001001001 10111100100110111001001, 1011'000000011 1010001101001 1011001 11011100 00001111000 1110110111001001!
10011101 10001110111001001001111111000011001 1111110010101 0010100011 11101011100110010110101 0010110101000011001 1000111111100 11111110111101 101001011 1010110111001000110111100100101110101 11100110110010100.
0010100011111000'10101 110011011100011 110100010 '01100001 101001011 0000110111001100101110101, 0010100011111000'10101 110011011100011 110100010 001010001100001 101001011 0000110111001100101110101.

00101000110101011'1001 100101111110101100010100 00101010110111001 0001011010101 000111000000100110111100101000 1010111110011111 10111100, 0011101 1011000010001101011101000000011 0010100011 111100000001101011111101000011-1000111111001011,
000100101110100001 111011011110001111110101 0011101 111011101101000111101011011001010000001101110001 10111100 1000111111001011 111000110110000'0101011 10111100 10100001010111111001 010011111001001011.
1111110010101 101001111111101111111001000101110101 00101010110111001 1110110110000010011 111100000011101, 0000111110000010011 100110110000011100011 0101110110000101000010011101111000 0001101001011 0011101 0010100011 010001110111010000100001,
10011101 0010100011 010001110111010000100001 00001100001001001 101001011 111011101101000 10100111111001011 0001101001011 0010100011 100110110000011100011, 11001101111001 101110011100'001 00101001111001 11111110111101 010110111010000100001?
1111110010101 101100010 111000110110000 1000111111100 10000110010101011010110010011111110010101 00101001111001 111000110110000'0101011 1111 1010111110011111 100100101011000010001001100000101110111101110110100010111001001.
1111110010101 1011001 11100111011100'001 1010001101 1000011001100110100110111000101110101, 1011001 11100111011100'001 1010001101 1000011001100110100110111000101110101. 

10001010011010101100001001 
0100011'1110111101 0001110000001 111000110110000 11011100 010010111001 1110110111001001, 010010111010000100 11011100 010010111001 1110110111100000001001110101 1110110111001001;
1111110010101 111000110110000 11100111011100'001 1010001101 1000011001100110100110111000101110101, 111000110110000 11100111011100'001 1010001101 1000011001100110100110111000101110101. 

